10 0
        100
0 0
  1             60             18             60
  2             26             15             18
  3             44             32             26
  4             20             10             15
  5             27             11             44
  6             60             18             32
  7             26             15             20
  8             44             32             10
  9             20             10             27
 10             27             11             11