          10 31.3
         100
0 0
  1             27            -5             60
  2            -17           -43             18
  3             26            -9             26
  4             24           -15             15
  5             29            -5             44
  6            -15           -30             32
  7             25           -10             20
  8             28            -8             10
  9            -49           -17             27
 10            -16           -35             11
